1	
3	-5	-8	-7	-8	-5	-8	-5	3	-5	-8	-7	-8	-5	-8	-5	
3	6	8	-7	8	6	8	6	3	6	8	-7	8	6	8	6	
3	-6	8	-7	8	-6	8	-6	3	-6	8	-7	8	-6	8	-6	
3	7	-8	-7	-8	7	-8	7	3	7	-8	-7	3	7	-8	-7	-8	7	-8	-6	
5	
3	6	-8	-7	-8	7	-6	7	2	7	-6	7	-4	-5	5	-4	
4	7	-7	7	-7	7	-7	5	7	-7	7	-7	7	-7	7	
-6	-7	-9	9	-9	-7	7	-7	-5	-6	6	-5	
2	-4	7	-6	7	-4	7	-4	2	-4	7	-6	7	-4	7	-4	
2	-4	-5	6	-5	4	-4	-3	7	-6	6	-9	9	-8	-7	7	
1	0	
-6	6	-5	-9	-7	-9	-6	-7	-5	6	-6	-7	7	-6	6	-5	
7	-5	-6	6	-6	-5	7	-5	-8	-5	-6	6	-6	-5	7	-5	
5	6	-7	-8	8	-7	6	-5	5	6	-7	-8	8	-7	-6	6	
-5	-6	-5	-6	-7	-6	-7	-6	-5	-6	-5	-6	-7	-6	-7	-6	
7	-6	6	7	-6	7	-7	-6	7	-6	6	-5	5	-4	-3	3	
1	5	
-2	5	-5	5	-5	5	-5	5	-2	5	-5	5	-5	5	-5	5	
3	-4	-6	6	-6	-4	-6	-4	3	-4	-6	6	-6	-4	-6	-4	
3	5	6	-5	6	5	6	5	3	5	6	-5	6	5	6	5	
3	-6	8	-8	8	-6	8	-6	3	-6	8	-8	8	-6	8	-6	
3	-5	-8	-7	-8	-7	-6	6	-5	5	-4	-3	3	-2	2	-5	
2	0	
5	-3	6	-6	7	6	-6	7	5	-3	6	-6	7	6	-6	7	
4	-3	-5	6	-6	-5	6	-6	5	-3	-5	6	-6	-5	6	6	
5	-3	-5	-6	-7	8	-9	1	6	t	h	R	e	s	t	-3	-4	5	-5	6	-6	7	
-7	-6	-5	6	-6	7	-7	-8	8	-7	-6	7	-7	-8	8	-9	
-9	-9	9	-9	-9	9	-8	8	8	-7	-6	6	-5	-3	-4	5	
2	5	
-5	-3	-5	-6	-7	-8	8	-7	-8	6	-5	5	-4	3	-3	-4	
-5	3	-4	-5	7	-7	-8	6	8	-8	-7	-7	-7	-7	-7	-7	
-7	7	-6	7	7	6	5	-4	-3	5	6	7	-7	9	-9	9	
-9	-7	-6	-6	-6	-7	-5	-6	-3	-5	4	-4	-3	3	-2	2	
-5	8	-8	-7	7	-6	6	-5	8	-8	-7	7	-6	6	-5	
3	0	
5	-8	-7	7	-6	6	-5	5	-4	-7	7	-6	6	-5	5	-4	
-3	7	-6	6	-6	-7	-5	-7	6	-7	-6	-7	7	-7	6	-7	
-6	-7	-5	-7	7	-7	6	-7	-6	-7	-5	-7	7	-7	6	-7	
-6	-7	7	-7	-7	-6	-6	-7	7	-7	-7	-7	-8	-7	-5	-7	
-7	-7	-8	-7	8	-7	-5	-7	-8	-7	8	-7	-9	-7	-8	-7	
3	5	
8	-8	-7	-8	8	-7	-7	-7	-8	-7	-7	-7	-8	-7	7	-7	
-7	-7	7	-7	-7	-7	-6	-7	7	-7	-6	-7	7	-7	6	-7	
-6	-7	-5	6	-6	-5	-6	-5	7	-5	7	-5	-7	-5	-7	-5	
-8	-5	8	-5	8	-5	-9	-5	-9	-5	1	0	-5	-1	0	-5	-1	0	
1	1	-8	-5	-8	1	1	-8	1	1	-8	1	1	-8	-5	-8	1	1	-8	1	1	-8	
4	0	
1	1	-7	-5	-7	1	1	-7	1	1	-7	1	1	-7	-5	-7	1	1	-7	1	1	-7	
-1	0	9	-5	9	-1	0	9	-1	0	9	-1	0	9	-5	9	-1	0	9	-1	0	9	
-5	-9	-1	0	-1	0	